LABELS = {
    './training_data/frame15.jpg': [
        [0,0,0,0,0,0,0,0,0,0,0,0,0,0,0,0,0,0,0],
        [0,0,0,0,0,0,0,0,0,0,0,0,0,0,0,0,0,0,0],
        [0,0,0,0,0,0,0,0,0,0,0,0,0,0,0,0,0,0,0],
        [0,0,0,0,0,0,0,0,0,0,0,0,0,0,0,0,0,0,0],
        [0,0,0,0,0,0,0,0,0,0,0,0,0,0,0,0,0,0,0],
        [0,0,0,0,0,0,0,0,0,0,0,0,0,0,0,0,0,0,0],
        [0,0,0,0,0,0,0,0,0,0,0,0,0,0,0,0,0,0,0],
        [0,0,0,0,0,0,0,0,0,0,0,0,0,0,0,0,0,0,0],
        [0,0,0,0,0,0,0,0,0,0,0,0,0,0,0,0,0,0,0],
        [0,0,0,0,0,0,0,0,0,0,0,0,0,0,0,0,0,0,0],
        [0,0,0,0,0,0,0,0,0,0,0,0,0,0,0,0,0,0,0],
        [0,0,0,0,0,0,0,0,0,0,0,0,0,0,0,0,0,0,0],
        [0,0,0,0,0,0,0,0,0,0,0,0,0,0,0,0,0,0,0],
        [0,0,0,0,0,0,0,0,0,0,0,0,0,0,0,0,0,0,0],
        [0,0,0,0,0,0,0,0,0,0,0,0,0,0,0,0,0,0,0],
        [0,0,0,0,0,0,0,0,0,0,0,0,0,0,0,0,0,0,0],
        [0,0,0,0,0,0,0,0,0,0,0,0,0,0,0,0,0,0,0],
        [0,0,0,0,0,0,0,0,0,0,0,0,0,0,0,0,0,0,0],
        [0,0,0,0,0,0,0,0,0,0,0,0,0,0,0,0,0,0,0],
    ],
    './training_data/frame30.jpg': [
        [0,0,0,0,0,0,0,0,0,0,0,0,0,0,0,0,0,0,0],
        [0,0,0,0,0,0,0,0,0,0,0,0,0,0,0,0,0,0,0],
        [0,0,0,0,0,0,0,0,0,0,0,0,0,0,0,0,0,0,0],
        [0,0,0,0,0,0,0,0,0,0,0,0,0,0,0,0,0,0,0],
        [0,0,0,0,0,0,0,0,0,0,0,0,0,0,0,0,0,0,0],
        [0,0,0,0,0,0,0,0,0,0,0,0,0,0,0,0,0,0,0],
        [0,0,0,0,0,0,0,0,0,0,0,0,0,0,0,0,0,0,0],
        [0,0,0,0,0,0,0,0,0,0,0,0,0,0,0,0,0,0,0],
        [0,0,0,0,0,0,0,0,0,0,0,0,0,0,0,0,0,0,0],
        [0,0,0,0,0,0,0,0,0,0,0,0,0,0,0,0,0,0,0],
        [0,0,0,0,0,0,0,0,0,0,0,0,0,0,0,0,0,0,0],
        [0,0,0,0,0,0,0,0,0,0,0,0,0,0,0,0,0,0,0],
        [0,0,0,0,0,0,0,0,0,0,0,0,0,0,0,0,0,0,0],
        [0,0,0,0,0,0,0,0,0,0,0,0,0,0,0,0,0,0,0],
        [0,0,0,0,0,0,0,0,0,0,0,0,0,0,0,0,0,0,0],
        [0,0,0,0,0,0,0,0,0,0,0,0,0,0,0,0,0,0,0],
        [0,0,0,0,0,0,0,0,0,0,0,0,0,0,0,0,0,0,0],
        [0,0,0,0,0,0,0,0,0,0,0,0,0,0,0,0,0,0,0],
        [0,0,0,0,0,0,0,0,0,0,0,0,0,0,0,0,0,0,0],
    ],
    './training_data/frame243.jpg': [
        [0,0,0,0,0,0,0,0,0,0,0,0,0,0,0,0,0,0,0],
        [0,0,0,0,0,0,0,0,0,0,0,0,0,0,0,0,0,0,0],
        [0,0,0,0,0,0,0,0,0,0,0,0,0,0,0,0,0,0,0],
        [0,0,0,2,0,0,0,0,0,0,0,0,0,0,0,0,0,0,0],
        [0,0,0,0,0,0,0,0,0,0,0,0,0,0,0,0,0,0,0],
        [0,0,0,0,0,0,0,0,0,0,0,0,0,0,0,0,0,0,0],
        [0,0,0,0,0,0,0,0,0,0,0,0,0,0,0,0,0,0,0],
        [0,0,0,0,0,0,0,0,0,0,0,0,0,0,0,0,0,0,0],
        [0,0,0,0,0,0,0,0,0,0,0,0,0,0,0,0,0,0,0],
        [0,0,0,0,0,0,0,0,0,0,0,0,0,0,0,0,0,0,0],
        [0,0,0,0,0,0,0,0,0,0,0,0,0,0,0,0,0,0,0],
        [0,0,0,0,0,0,0,0,0,0,0,0,0,0,0,0,0,0,0],
        [0,0,0,0,0,0,0,0,0,0,0,0,0,0,0,0,0,0,0],
        [0,0,0,0,0,0,0,0,0,0,0,0,0,0,0,0,0,0,0],
        [0,0,0,0,0,0,0,0,0,0,0,0,0,0,0,0,0,0,0],
        [0,0,0,0,0,0,0,0,0,0,0,0,0,0,0,1,0,0,0],
        [0,0,0,0,0,0,0,0,0,0,0,0,0,0,0,0,0,0,0],
        [0,0,0,0,0,0,0,0,0,0,0,0,0,0,0,0,0,0,0],
        [0,0,0,0,0,0,0,0,0,0,0,0,0,0,0,0,0,0,0],
    ],
    './training_data/frame555.jpg': [
        [0,0,0,0,0,0,0,0,0,0,0,0,0,0,0,0,0,0,0],
        [0,0,0,0,0,0,0,0,0,0,0,0,0,0,0,0,0,0,0],
        [0,0,0,0,0,0,0,0,0,0,0,0,0,0,0,0,0,0,0],
        [0,0,0,2,0,0,0,0,0,0,0,0,0,0,0,0,0,0,0],
        [0,0,0,0,0,0,0,0,0,0,0,0,0,0,0,0,0,0,0],
        [0,0,0,0,0,0,0,0,0,0,0,0,0,0,0,0,0,0,0],
        [0,0,0,0,0,0,0,0,0,0,0,0,0,0,0,0,0,0,0],
        [0,0,0,0,0,0,0,0,0,0,0,0,0,0,0,0,0,0,0],
        [0,0,0,0,0,0,0,0,0,0,0,0,0,0,0,0,0,0,0],
        [0,0,0,0,0,0,0,0,0,0,0,0,0,0,0,0,0,0,0],
        [0,0,0,0,0,0,0,0,0,0,0,0,0,0,0,0,0,0,0],
        [0,0,0,0,0,0,0,0,0,0,0,0,0,0,0,0,0,0,0],
        [0,0,0,0,0,0,0,0,0,0,0,0,0,0,0,0,0,0,0],
        [0,0,0,0,0,0,0,0,0,0,0,0,0,0,0,0,0,0,0],
        [0,0,0,0,0,0,0,0,0,0,0,0,0,0,1,0,0,0,0],
        [0,0,0,0,0,0,0,0,0,0,0,0,0,0,2,1,0,0,0],
        [0,0,0,0,0,0,0,0,0,0,0,0,0,0,0,0,0,0,0],
        [0,0,0,0,0,0,0,0,0,0,0,0,0,0,0,0,0,0,0],
        [0,0,0,0,0,0,0,0,0,0,0,0,0,0,0,0,0,0,0],
    ],
    './training_data/frame821.jpg': [
        [0,0,0,0,0,0,0,0,0,0,0,0,0,0,0,0,0,0,0],
        [0,0,0,0,0,0,0,0,0,0,0,0,0,0,0,0,0,0,0],
        [0,0,0,0,0,0,0,0,0,0,0,0,0,0,0,0,0,0,0],
        [0,0,0,2,0,0,0,0,0,0,0,0,0,0,0,0,0,0,0],
        [0,0,0,0,0,0,0,0,0,0,0,0,0,0,0,0,0,0,0],
        [0,0,0,0,0,0,0,0,0,0,0,0,0,0,0,0,0,0,0],
        [0,0,0,0,0,0,0,0,0,0,0,0,0,0,0,0,0,0,0],
        [0,0,0,0,0,0,0,0,0,0,0,0,0,0,0,0,0,0,0],
        [0,0,0,0,0,0,0,0,0,0,0,0,0,0,0,0,0,0,0],
        [0,0,0,0,0,0,0,0,0,0,0,0,0,0,0,0,0,0,0],
        [0,0,0,0,0,0,0,0,0,0,0,0,0,0,0,0,0,0,0],
        [0,0,0,0,0,0,0,0,0,0,0,0,0,0,0,0,0,0,0],
        [0,0,0,0,0,0,0,0,0,0,0,0,0,0,0,0,0,0,0],
        [0,0,0,0,0,0,0,0,0,0,0,0,0,0,0,0,0,0,0],
        [0,0,0,0,0,0,0,0,0,0,0,0,0,0,1,2,0,0,0],
        [0,0,0,0,0,0,0,0,0,0,0,0,0,0,2,1,0,0,0],
        [0,0,0,0,0,0,0,0,0,0,0,0,0,0,0,0,0,0,0],
        [0,0,0,0,0,0,0,0,0,0,0,0,0,0,0,0,0,0,0],
        [0,0,0,0,0,0,0,0,0,0,0,0,0,0,0,0,0,0,0],
    ],
    './training_data/frame971.jpg': [
        [0,0,0,0,0,0,0,0,0,0,0,0,0,0,0,0,0,0,0],
        [0,0,0,0,0,0,0,0,0,0,0,0,0,0,0,0,0,0,0],
        [0,0,0,0,0,0,0,0,0,0,0,0,0,0,0,0,0,0,0],
        [0,0,0,2,0,0,0,0,0,0,0,0,0,0,0,0,0,0,0],
        [0,0,0,0,0,0,0,0,0,0,0,0,0,0,0,0,0,0,0],
        [0,0,0,0,0,0,0,0,0,0,0,0,0,0,0,0,0,0,0],
        [0,0,0,0,0,0,0,0,0,0,0,0,0,0,0,0,0,0,0],
        [0,0,0,0,0,0,0,0,0,0,0,0,0,0,0,0,0,0,0],
        [0,0,0,0,0,0,0,0,0,0,0,0,0,0,0,0,0,0,0],
        [0,0,0,0,0,0,0,0,0,1,0,0,0,0,0,0,0,0,0],
        [0,0,0,0,0,0,0,0,0,0,0,0,0,0,0,0,0,0,0],
        [0,0,0,0,0,0,0,0,0,0,0,0,0,0,0,0,0,0,0],
        [0,0,0,0,0,0,0,0,0,0,0,0,0,0,0,0,0,0,0],
        [0,0,0,0,0,0,0,0,0,0,0,0,0,0,0,0,0,0,0],
        [0,0,0,0,0,0,0,0,0,0,0,0,0,0,1,2,0,0,0],
        [0,0,0,0,0,0,0,0,0,0,0,0,0,0,2,1,0,0,0],
        [0,0,0,0,0,0,0,0,0,0,0,0,0,0,0,0,0,0,0],
        [0,0,0,0,0,0,0,0,0,0,0,0,0,0,0,0,0,0,0],
        [0,0,0,0,0,0,0,0,0,0,0,0,0,0,0,0,0,0,2],
    ],
    './training_data/frame1035.jpg': [
        [0,0,0,0,0,0,0,0,0,0,0,0,0,0,0,0,0,0,0],
        [0,0,0,0,0,0,0,0,0,0,0,0,0,0,0,0,0,0,0],
        [0,0,0,0,0,0,0,0,0,0,0,0,0,0,0,0,0,0,0],
        [0,0,0,2,0,0,0,0,0,0,0,0,0,0,0,0,0,0,0],
        [0,0,0,0,0,0,0,0,0,0,0,0,0,0,0,0,0,0,0],
        [0,0,0,0,0,0,0,0,0,0,0,0,0,0,0,0,0,0,0],
        [0,0,0,0,0,0,0,0,0,0,0,0,0,0,0,0,0,0,0],
        [0,0,0,0,0,0,0,0,0,0,0,0,0,0,0,0,0,0,0],
        [0,0,0,0,0,0,0,0,0,0,0,0,0,0,0,0,0,0,0],
        [0,0,0,0,0,0,0,0,0,1,0,0,0,0,0,0,0,0,0],
        [0,0,0,0,0,0,0,0,0,0,0,0,0,0,0,0,0,0,0],
        [0,0,0,0,0,0,0,0,0,0,0,0,0,0,0,0,0,0,0],
        [0,0,0,0,0,0,0,0,0,0,0,0,0,0,0,0,0,0,0],
        [0,0,0,0,0,0,0,0,0,0,0,0,0,0,0,0,0,0,0],
        [0,0,0,0,0,0,0,0,0,0,0,0,0,0,1,2,0,0,0],
        [0,0,0,0,0,0,0,0,0,0,0,0,0,0,2,1,0,0,0],
        [0,0,0,0,0,0,0,0,0,0,0,0,0,0,0,0,0,0,0],
        [0,0,0,0,0,0,0,0,0,0,0,0,0,0,0,0,0,0,0],
        [0,0,0,0,0,0,0,0,0,0,0,0,0,0,0,0,0,0,2],
    ],
}